386
955
299
385
955
299
274
453
273
274
453
274
495
819
219
495
819
223
475
614
253
476
614
254
417
849
340
418
845
338
357
824
173
357
824
173
383
22
236
383
22
235
384
591
180
384
591
180
495
811
198
495
810
200
396
911
317
396
910
316
336
842
200
338
842
200
333
370
209
333
370
210
418
203
229
418
203
229
325
110
224
325
110
224
311
902
307
312
902
307
342
679
200
342
679
200
425
722
191
425
720
187
435
743
268
436
743
268
224
434
276
224
423
274
423
804
257
423
804
257
432
676
237
432
675
237
301
818
282
301
818
282
386
967
277
386
967
277
342
595
303
343
595
303
437
873
300
436
872
296
365
975
295
365
975
295
425
814
253
425
814
253
411
379
205
411
379
205
326
81
179
326
81
179
271
595
229
272
595
229
288
670
284
290
670
285
359
870
199
359
870
199
464
772
170
466
773
170
338
398
203
341
405
203
372
77
208
371
77
208
324
737
201
324
737
202
228
481
245
228
480
242
394
67
186
394
67
186
356
889
206
357
890
204
465
842
248
465
842
248
469
808
224
471
808
225
450
557
201
450
557
201
326
937
223
325
938
222
541
904
199
538
900
202
284
406
265
285
406
265
435
456
262
435
456
262
290
454
174
291
454
174
422
879
266
422
880
265
379
860
273
378
861
272
352
403
183
352
405
183
448
674
217
448
673
218
317
627
208
317
627
208
454
834
241
452
832
243
421
747
128
421
747
128
409
68
222
409
68
222
368
955
227
368
956
225
380
401
184
379
404
185
300
647
283
301
647
283
359
71
199
360
71
199
354
49
190
355
49
190
402
123
244
402
123
244
315
848
251
315
848
251
418
855
206
420
856
204
463
894
287
461
893
282
430
755
273
430
755
273
255
525
314
257
524
312
293
420
163
293
417
155
293
807
222
293
807
222
290
681
251
291
681
252
553
857
199
553
855
198
468
472
229
466
477
226
327
73
224
327
73
224
414
328
219
414
328
219
383
222
209
383
222
209
326
86
182
326
86
182
265
514
312
267
514
312
406
288
209
406
288
210
256
498
301
252
500
302
447
481
182
446
481
182
349
11
270
349
11
270
244
483
234
241
480
232
293
582
290
293
582
290
264
513
293
267
513
295
384
932
227
385
932
223
258
456
232
258
456
232
256
719
254
258
719
255
366
399
264
366
400
264
309
657
219
310
657
220
403
14
263
403
14
263
252
556
232
260
552
228
415
579
185
415
579
185
430
453
188
430
453
187
441
841
316
441
836
316
308
173
219
308
173
219
255
450
251
247
448
250
305
648
286
305
648
286
252
799
260
253
799
260
281
410
237
280
410
237
385
229
251
385
229
252
421
858
292
417
852
289
402
877
333
400
876
331
319
416
170
318
415
164
241
484
236
230
476
227
258
444
242
257
444
242
333
69
233
333
69
233
388
793
153
388
794
151
443
715
163
441
717
165
497
486
234
495
488
232
465
619
253
463
619
255
259
561
273
262
559
274
282
764
222
282
764
223
424
503
175
425
503
175
413
352
214
414
352
214
383
940
227
384
941
224
301
938
257
301
938
257
340
401
192
341
404
193
370
329
257
370
329
257
386
420
147
386
420
147
358
516
147
358
517
147
341
758
197
341
758
197
373
569
167
373
569
168
275
787
227
275
787
228
482
559
228
482
559
229
401
508
298
401
508
297
425
841
239
425
841
238
471
599
222
471
599
224
456
778
174
457
776
175
222
462
255
218
459
252
350
747
194
350
747
194
386
631
290
387
631
290
288
684
255
288
684
256
345
321
253
346
321
253
407
866
275
409
860
275
421
442
289
421
442
289
373
11
275
373
11
275
552
913
196
553
912
196
389
871
331
385
870
331
358
782
160
357
782
159
344
81
234
344
81
234
370
747
169
367
742
171
371
238
233
371
238
233
463
624
221
463
624
224
472
573
228
472
573
228
358
478
305
359
478
305
418
204
231
418
204
231
279
544
186
279
544
186
300
625
288
300
625
288
350
679
197
350
679
198
423
747
284
423
747
285
386
58
192
386
58
192
353
825
172
353
827
170
370
371
212
372
371
214
443
758
173
437
758
168
320
17
224
320
17
224
272
444
322
277
444
322
414
254
209
414
254
209
304
351
266
304
351
267
421
775
271
421
776
271
421
226
223
422
226
223
396
916
232
397
917
231
267
599
301
271
598
302
459
773
195
460
774
193
368
919
217
368
921
216
447
497
177
446
497
176
352
409
165
352
410
166
472
832
289
474
821
284
429
460
187
429
460
186
383
853
266
384
853
266
397
562
294
399
562
294
342
201
200
342
201
200
242
615
302
245
615
300
469
590
225
469
590
225
408
296
258
408
296
258
523
857
198
523
857
198
496
834
292
493
821
285
456
587
232
456
587
233
299
288
243
299
288
243
291
378
260
291
378
260
326
104
191
326
104
191
329
946
329
330
946
329
331
337
211
331
337
211
482
517
223
482
517
223
386
917
219
387
917
218
356
968
235
356
969
233
445
747
166
442
752
160
449
830
292
449
829
290
389
871
334
387
869
335
441
847
279
435
843
274
380
804
274
380
804
274
378
168
225
379
168
225
447
554
216
447
554
216
401
562
171
401
562
171
255
685
270
257
687
271
457
488
171
458
488
171
468
629
252
468
629
255
326
521
288
326
521
289
416
278
215
416
278
215
315
807
283
315
807
283
432
683
226
433
683
226
388
584
299
389
584
300
